82.91609090909091
45.55041210851558
71.3235796467502
46.94186123530386
78.07364255694144
90.81328891941392
151.97517966311133
107.18058443869904
101.83848085732984
108.95966528985562
105.98915553618184
109.18190759683478
66.25244715271786
115.13991521691544
70.79032374804382
68.1970363196126
49.29823421177588
118.68989558691
179.22166763117283
87.11004496177961
170.5086677797379
96.39234087825638
97.593055427902
135.07379294975158
72.0364678651688
130.27828735106363
79.31432912338572
115.67344902528978
81.60307416523973
91.37609492128935
131.09085723688082
49.28140438494695
36.12623480632268
36.75692344045368
150.00618379931132
65.01263304038893
117.47584198813057
115.36699470955723
59.94539411206078
102.46781391647534
82.05823109647316
85.01550562442608
53.379877635203414
60.34111195175985
69.76601278680688
64.58613503196023
116.97869047619048
60.5724897166362
111.6378271435693
52.43058153609155
99.87078328328329
23.789214687892148
67.67418300653594
50.1478702039652
154.25505384192664
75.6149361235678
60.748537937218565
80.3772394780081
54.608792542542545
49.916518621522386
72.46405009233611
79.0396463340869
86.75649875339982
50.673551324503315
51.217215813758386
42.176099841938886
142.21629770561583
50.937333664594725
42.40743824110672
87.6969631534679
135.96135493676206
65.45365102867831
98.67536049382716
126.94574149446879
159.41255310457515
91.50989116218236
47.050201744820065
93.39813297123455
48.23493953488372
79.57827295687575
88.17122107081174
69.8583337371127
58.307670107670106
120.00575637817383
36.84372422680412
108.4663422439759
47.62219742063492
60.888150207591934
34.99336967468262
54.045015004139074
63.297462788803315
79.39733495145632
76.78606794327067
66.33032818237454
88.47267219387756
61.382986400287706
80.6280608974359
112.82956498579546
56.350017113910184
55.7318084073252
52.11776376457825
40.56853140096619
59.97567813199105
35.83038680781759
35.03933778857837
68.8275327996442
140.94988344988346
37.02314351657574
41.097630533484676
74.75190980740922
46.36938451356718
126.58617361722418
105.29368468468468
78.64211132194814
83.03108877505896
81.20916088531435
114.62052271893346
69.15651728479854
60.21610967286421
70.12294209275437
83.18717891760905
56.03251931756017
126.23053718626969
137.70968525304204
67.61553287981859
69.09700801125244
76.6316672092014
113.33731761565836
125.88486074970542
111.17771735335195
116.62935756358438
71.65634960159363
100.01074744516451
124.79212654004107
117.26033575686417
49.791331453634086
99.13910566715164
69.02598679471788
94.32481503115265
47.299599797779344
74.21407400972898
50.912372459779846
65.23124917589662
52.43490210514494
64.89191020191286
45.89855395962733
62.1351202008027
81.41033634138697
67.88827133178711
97.93690453586498
86.1736371848567
76.20893650847921
91.76737332495813
82.0069194826867
79.20498783168023
101.79569465451053
82.17013146911519
93.17146245059288
81.28761188515938
101.0811387434555
115.84083367003367
124.47450285856326
54.83580372431507
76.03921440972222
114.91046199386827
56.22403362960147
113.92002958508719
77.24488515534891
37.74632247522665
86.57130099748383
77.25090083926291
44.81206021646043
78.09734645104083
114.48483121827411
91.57559544386062
50.12185288757058
106.44173876231527
62.79668024502473
121.21203269104085
64.17663656387666
61.13370912322275
90.07673971496106
92.11511362242395
178.85656831695968
90.46609153835118
55.0907564484127
62.21671258034895
47.590663279804794
40.689340250756594
59.32604549632353
89.12690980816832
99.88734543010753
46.15076280159138
66.55010693858013
76.49945438706659
104.84225101003918
162.49561906126152
98.77134541749012
79.80458291673386
83.57173575949368
84.7197716711406
74.28150817411195
40.947595064165846
61.10432395833333
66.20251307596513
74.21049905117532
91.37785703125
72.24931345849562
63.96059413542483
44.34374129041249
63.07603619561032
88.80807520772238
83.96089068067704
113.83861541297935
50.0559896071143
61.64611915992812
72.47256761052425
88.03187663573638
54.755425171146044
61.63451078496776
31.756282366713624
96.89599557374866
83.92003864379801
84.90313719293555
66.33714516932271
34.89663508221129
48.62603626943005
55.21348816717019
72.66243347907557
74.46798274253732
66.03482962016616
87.15594687622166
87.37677924236044
77.58944456459054
67.87383370535714
47.640703209715895
54.949340441859526
81.36299884281935
89.11688173652695
79.25869587218969
37.576472198820554
58.84576723773266
90.50418059777103
94.37326596980256
62.057198606271776
91.81683305921052
109.33792024930622
96.60482848582181
92.49516769231508
19.841783573762193
94.98056565587267
109.61230414751407
72.50968248023304
86.33671404456449
131.65972890025574
24.92566089835893
20.582190358391742
67.52765389023733
96.36196072278013
59.86962316176471
47.30053837435233
84.090213149391
44.874064910576536
84.58120705882352
68.86148371292373
112.79688797402585
120.97070618556701
70.35955307904412
69.63217534410532
65.65633982726793
62.057198606271776
62.644534425813006
99.1146037414966
134.3650390625
52.939177177319884
31.725528500897667
31.035600972410673
51.896676059111385
123.50916744121784
91.82570478859542
62.90596431902985
81.5881221101303
95.67263297079857
29.671920578373847
66.12175044883304
86.31971837857574
85.80642295498447
57.91951022982063
111.74347741168478
75.19153440457413
112.70545611097289
68.46322217818643
77.33868993964863
39.51701215331345
90.99970408907608
43.41230112111164
77.7253871573832
84.80328907327132
74.85332358063447
62.901442306160234
64.82889960255746
54.67772308259587
138.41342794396567
9.617223347971496
101.8898850174216
7.911111111111111
41.90621987200798
75.02732448416349
63.087464962546996
66.23322039013262
73.40936936052579
54.08732105263158
88.08714141608768
58.716269775474956
45.723204664445504
71.65419691915227
69.31509037911071
41.73896909489295
67.43923557394803
102.37408332144386
24.621381073069063
83.77972837395957
71.59121924867021
55.05045172738991
67.44239284167989
107.00042654051887
92.22923169991091
80.24827835648148
65.30648277250613
79.02138774855676
63.2202979211388
99.29314131215332
98.35568501297578
111.38612322351422
52.157714545454546
62.45590244927993
70.27648637426181
44.09331023480715
60.080418394350055
80.5624283000596
130.026031504151
39.2552379574515
60.526643275444265
84.00314460968876
61.762876356294186
79.55442510834236
70.75197109988777
74.26989694148936
69.46093716989901
39.94423069267516
92.3203693828834
85.20552336028751
59.469271457833734
73.98956651328336
82.68562264278017
108.26296304347827
59.53542278982972
54.14841610426448
84.48028834393347
54.58082176656151
87.22706720071206
68.32939849321949
55.57750451263538
89.51825994408438
39.79161380878215
53.46971915552176
98.15807372042181
89.57727469640984
104.24323769090809
57.45467377777778
91.52471985942236
48.58926606514085
55.00939833917413
63.30219814915623
89.19050184729063
87.19844218281719
59.95811140760507
27.67628911561013
78.69763209393346
36.66025242504409
61.42553425925926
59.203719748590224
48.68635879077168
71.33472149837134
64.32950083095916
87.08939890773269
56.11181551976574
44.171122448979595
82.39344710633627
66.77186564371257
37.26433933423913
27.86413638211382
49.70223652497809
44.656983245481925
66.75673835994158
42.566833721422526
56.89816680372807
33.59006097560976
28.767346339779007
82.2640137304922
98.11966608017136
97.44442417779773
70.51922087564077
35.49961341463415
70.39986914257229
60.22616057073955
93.96669826735726
114.57180556226416
120.90070428976493
80.59988975954568
47.055187973561736
102.92722326252456
92.20542634394572
78.9919935418083
52.89085233207713
50.12620309575868
48.65186073651452
107.68859501520889
110.08772214456869
95.20681830676882
93.87461398043945
65.86167156484031
118.27899175697688
64.78033369875317
58.859898607063904
56.827982831661096
85.87647242985167
78.36905319494404
63.24592013888889
78.26949297790202
46.2167272757056
86.79645862798581
133.08989882549452
72.87001338688086
55.887711452459655
57.29633841968299
72.18885059331176
59.29057323830576
67.94023762939106
64.06135193953138
93.3346782052989
42.348665186703094
40.06599346405229
67.17740864616613
133.21640300829876
51.60773614326132
48.775649333333334
98.81065679962312
31.823450786307315
67.6551541456229
39.20921370967742
51.13707553355037
64.24339087809037
56.817328209005375
61.79999753807773
86.85505938289141
88.67566364247311
47.444140122265125
68.37332829301076
78.45431149298336
49.18107107728943
38.70434784158303
111.82747382198953
110.96270582443384
67.01923028322074
62.32429754242247
88.28551744711042
88.38077790846877
95.10804755341144
50.646068522135415
57.028868199989546
54.28261543327008
164.38774217945416
28.054296363040628
71.09166840398424
114.05032763532763
57.47941291841004
33.20855311098655
56.56475864258456
81.97047281579381
94.30913638708726
139.2740634272997
57.663265745589854
72.20473331823102
100.43754411962819
113.55755176729369
73.45403182222788
167.59434141888366
72.70721231664137
109.36911574741501
75.32987556137725
86.18220942760942
66.21674458874459
38.34239238922627
106.66600039126642
85.62689994815968
37.928343101893596
110.18831188378286
78.36376694677871
99.92031307850309
92.90317141781031
52.84296528091318
44.810068167892155
90.05392828568971
41.52017543859649
45.480001805409664
86.02678482710652
103.81746945898779
130.02946796757837
67.47238153379092
68.72235830269608
51.25906217070601
78.33805910543131
101.01002157888105
92.37179137691238
119.17252099096511
74.66068912905277
78.2755038053054
89.47396766517357
116.76386809435134
84.55480897484756
60.16649550706033
120.68567874845105
70.5830352451839
105.0519606430433
124.00461256201764
91.15218561178247
97.31892715671624
98.39066335673606
93.38506511617928
97.79767023991833
71.12148526284918
82.94462171945702
138.25280794098143
63.52701228424276
65.18881711168532
54.805207170758926
107.3960833622577
98.04712744472789
98.89668875773994
46.87620533491036
66.08064900249377
65.74541026634724
84.53086880658954
76.92928785822575
61.686941325800916
106.87111711496108
93.9239048
74.06431686046511
110.14592477176966
75.50258742706686
91.6447922953451
74.65373530053303
48.85338315390042
92.09043641713978
91.4876887460907
89.07452711223203
87.89632859680285
53.867052799362426
71.98660404265873
110.12193460403235
92.41147405153902
70.64875
30.12331328022339
43.35444988617906
80.7160102
97.87947231737974
82.60261275272161
77.61314927659019
84.57813588778086
39.26716281441197
56.76
45.66130819381504
91.94041805463024
66.84886101568216
76.2562799533876
72.98043528996507
23.515612818347194
87.18734521755799
66.08837782401902
64.01469715447155
51.78585972455257
81.77478072478992
43.52842654594612
53.52947416492693
71.2029274948025
69.49836734693878
53.8232764079261
81.59820461384153
103.5775470238883
76.41307162071284
112.04980540540541
73.06942264699308
39.575751659969995
67.39552446855853
45.46803198319686
44.0470693734976
77.24282230621364
77.70194344008264
67.51757771596859
91.83303018108651
84.30517412333737
48.11064353946707
95.65870308590492
56.317309375
146.12857607424093
99.12561123509873
97.4490232312566
33.46539281031468
64.75077777777778
43.120056402439026
42.00270042448396
71.21359392039258
107.66796425549916
80.92392833443928
37.61360365853658
47.476393081862774
98.24219467956469
37.3421360687601
75.53075951903807
34.69472668451584
57.82367417467294
106.24104182097349
41.71342706203136
46.27277480421074
60.527766877161326
48.28070188492063
79.498678136419
59.73039557867953
91.67191669009327
51.79256965361446
106.47319703461021
71.76832740213523
40.73880208333333
76.58771816037736
96.75922637195121
70.01374441964286
80.92580271373679
26.57856930719015
86.74527313129899
122.67017229953612
23.0370571867204
57.41954887820513
59.3213199513382
84.85363334760274
86.30082149356103
114.77399605726659
86.57321740214411
80.34267330383481
47.0469236492674
51.36968959380234
65.69845715986594
52.91100692387441
27.136466171962095
67.09192457026538
47.395623167643926
69.32920660036166
89.09282599020916
107.13364346872523
141.56227228969195
130.96755764604188
69.64101674964012
71.70756235065711
32.648207992409304
51.516695178052
58.344956560253486
92.34690638950893
182.88359430604982
54.99296017966658
49.6356473914749
58.016401856018
128.44686833985924
59.56654112983151
56.664533457613814
74.4558492014742
58.05405279384897
108.84778468398734
133.65062406825896
208.86009254970142
75.48814702053079
76.15674097949682
68.81680849695618
90.60326054810726
105.05857845707494
157.90830223937564
100.5562420212766
47.88423311016433
71.8788614055752
106.77126082152738
65.9659947844228
78.06822322354772
104.00200872414472
84.13546049046322
35.03074195906433
79.62231535471331
78.61830465805777
75.44805412719892
70.73224095715081
68.15704128210272
74.22494040084388
78.62855569948186
127.25841340075853
59.116084108199495
103.01295588912777
47.40946537162162
77.98155925925926
106.6167118914605
36.732324298080826
84.75024278215223
109.40416994917408
24.915080576759966
49.967271356177605
44.08568349753695
81.13450617283951
94.65751923461205
57.16385402906209
51.03489806043705
79.76091306597506
96.59835098416774
120.86393160127254
78.38606496710527
39.78443722345133
52.6972202190171
55.73370259208731
69.17039521045896
81.52737235224896
35.92140309343434
82.93594535614525
72.87953569312796
71.23515385597548
147.22665757275132
32.94811452221291
45.86505596248631
36.893181450653984
90.07143406136326
62.729322586412
71.11020638718742
144.68444023569023
85.17836514392991
52.22056979166667
104.33345834395924
56.00376112471991
98.60425081623134
49.21168829449152
85.10255912162162
58.008598003629764
74.12395758273595
92.47471019440924
87.74990848406546
49.189545405676604
72.36044001271458
104.15250642123287
63.183767497812774
90.85154786435824
158.68171568627452
90.96987526221648
101.87259423471716
122.6395045910741
63.03541934313113
119.75197025115826
59.51740477853997
73.07512476429919
113.62697351694915
76.28199091597274
71.03886316241413
86.84513540680481
111.74685857992256
94.91157779051987
120.0680829846583
70.08993720095694
92.18273504021353
50.98316212871287
77.48843982109061
45.43073340832396
175.7562202247191
43.962543653458695
54.423214602780035
62.9791742028403
36.45382341542789
73.67426107954546
158.52324427480917
70.18049711442787
91.52990664217937
72.94187598892405
57.87831369294606
143.6152126203643
48.013529663608566
61.49624446847653
116.79879350961009
66.13588828740157
102.79876069568452
88.33206944075452
69.33825398301407
86.83206233198925
97.80363615664845
93.02252771771923
64.49484829059828
112.54457575297613
80.19087296037296
90.029203125
101.10845182686423
55.95956231671554
162.6890782442748
68.51833092396653
42.512710746169624
87.24512566137567
80.9859971007679
78.23261291889267
92.60509307531893
39.51585020670387
103.1662087111399
69.1503064710611
58.303105192178016
52.933005126473475
62.00723642818886
99.92391417749654
44.43809017857143
162.99628836498002
81.27206341618866
96.75203939595035
49.80547911640531
53.384863486416705
63.21477730640606
60.18943878239741
77.88253486570248
57.04342150814319
93.32528901325074
127.6902862278761
87.19312819420783
73.30470048264907
57.04195197044335
81.86703689817853
101.01834453382541
80.02787078651686
91.94126595092024
102.78232068791098
111.8758046139953
85.78660639114501
94.65666271268839
151.2320671081543
95.9492381489842
83.62365417480468
104.79901814375437
63.0346573688069
86.6852288639688
98.08297087396572
63.96193423715801
64.78074174296711
65.09308368644068
117.283212290035
61.840828287374194
134.14898054534314
89.97471196602066
103.88507965686274
93.40515198988567
99.92364276960784
92.41458880755756
124.65871228448276
82.52161891511741
55.54201431492842
53.093443732193734
108.7040216896462
86.55771274509804
112.58967996432087
80.13776087194056
77.93605792995092
63.35686162878528
104.4472771773955
92.14499602495107
134.88054889815737
70.44061512811513
88.17996387643248
90.98259204523156
115.94496507936508
83.83165184678522
80.58245110268706
72.87021130750057
72.89088496998285
80.11061768172141
82.42766121546961
43.010061204058566
63.958994336060414
77.59603377214567
86.65134577114428
56.87988434436274
91.4859692972973
71.59576744699646
53.92128860437842
91.3003268213866
103.58676325158228
105.94175679105587
45.73518308390579
87.89485104166667
102.90354988083078
84.84181368063388
49.979229407315735
121.23289783810144
36.52181373826903
69.47965585719274
143.88675224410503
133.71645740973094
92.61807314074984
84.36543792401628
137.60746199324325
28.82520785262841
87.79122696245734
104.28193708983933
76.3670661774485
91.83237332792866
42.96154324563795
36.102344718263105
108.74071741935484
84.88336494213596
42.20463966836735
64.2571042326758
72.85461196641008
45.882966037759374
53.813710596914824
55.23382486979167
61.002497175141244
144.03193305164552
94.31812559734638
64.76535450768849
43.10975888324873
79.37757100802277
55.09966719246406
95.5006736865942
41.816416916337985
90.02958348457351
85.69671182108627
98.14926248923342
84.57080938111547
91.23965830093084
86.42526013694952
68.34758705070604
99.48133127816419
87.34844150983747
109.2436357973422
121.28437742624223
125.51069430139671
82.21278359993715
95.28290183387271
60.037571557358575
62.0446126401631
75.6265435064935
49.40053555820421
68.03421514675053
53.468508596376
59.4175154415362
78.9917156862745
51.110985887096774
51.843501038611926
156.99846822916666
95.6323650592107
130.04785874842793
95.61031911928652
150.24075045494874
58.14509332772491
44.70134043970686
55.65064346422209
57.033021834935894
84.9601658982946
93.3777736548589
30.05031125851305
79.26939759939985
157.32268725198412
97.49265508104739
58.50180546875
68.38330298114593
132.68789693218514
70.84145684319938
56.503508405977584
90.7526197335503
95.66486677631579
193.17588941394493
54.692375594352804
116.65228971551686
112.05385941919018
96.77952650488069
96.41992616986244
60.65560748387897
48.670998839106424
140.31811879332957
65.15284248103525
63.15500706214689
66.02359195214436
87.18254143240362
92.12058527827648
79.76538461538462
43.42602395078005
86.53049588477366
67.7030118246687
103.74875298499894
120.69522808202358
93.08543614665355
51.13869037037037
68.3441769924148
80.23699870801033
55.148690231431516
123.51755342164824
61.75647151209377
50.936331615367635
51.125745166772894
65.58849352297608
50.24397873955961
64.97910023269844
97.81855294928195
72.06272296736725
81.10955028156988
65.14896249334399
54.37654608294931
42.34151888420245
46.81356821399677
33.05142637935586
104.8882319897677
88.40067753623188
46.41955801659529
93.34481923747035
84.48035192088055
35.80576930293648
26.722711770157552
72.32722702205882
125.14531891683778
101.79960119826356
44.84485386090727
69.02305538366336
60.11208758715139
64.61357298474945
112.80692526534546
42.522534068786506
71.53295819075561
46.148565400156414
93.17394883140459
43.9998023715415
71.96730957010324
42.637755124777186
76.37446452702703
89.81759227711528
135.68052673969072
38.62415301141416
92.96512478081162
65.55812180451127
140.6563579228266
110.2421243232915
55.41152755801688
69.03320016188714
19.27990418118467
43.646216226247034
55.81183556468717
116.1168788272098
34.61535013089005
49.19292339832869
53.89237971230159
61.67698943997421
