112.50003354978355
143.27546698681863
130.42444096373268
145.7758801126014
67.35117356968547
122.06013797313797
98.52376105619146
130.79128025704438
99.13290739528796
124.55059876010658
109.65464461448177
121.26717589362156
106.8813805004314
114.63956602578803
142.91412949921752
115.56599152542373
132.97835529439695
91.261999936634
109.43961146476337
96.61872180905043
98.97987966229839
129.97489499250062
107.4563253429504
81.56431046612744
89.69407534628218
81.29916175468736
112.3117901553036
83.09908044652265
115.97745986729453
116.38479338455772
126.80689820769432
123.49429915450928
163.5126099475061
131.66788811436672
124.92535696908452
138.39259844801796
134.63237883283878
149.72501600538058
149.19944301994303
147.15123050204053
115.38030876904075
128.4300763314968
177.65535415195936
140.64481634341962
137.32700585564052
180.96207164417615
108.56596315606535
156.37153793418648
136.11253988035892
193.82227517666763
142.17715027527527
134.15654642387315
137.37931997726628
161.36910454999287
130.81277901528213
151.72659441620493
97.33010740810532
161.87110559909
134.6771096096096
117.25352957768783
138.85810422437672
133.54768711413885
147.83498980054398
147.91892029328287
131.081793204698
189.09397145021074
149.75772376637406
177.55800593082313
171.69620676877472
134.3678886840062
108.05282256597641
173.89644346165835
136.84193456790123
121.58222917971196
95.745733251634
162.79997876086043
183.88413985823337
139.2907921888803
136.49498372093024
131.8235072376357
123.30032642487046
94.49105709440362
165.1493584193584
134.0190862019857
216.02224656357387
137.31171121987953
142.3345018696581
141.35249703440095
186.54865608215331
188.57239885140729
114.4912738818128
167.46494720873787
124.18301030207788
126.8116709378825
172.03835831207482
151.81392787515142
134.48006677350426
134.48046431107954
161.32450643483023
165.1124427719201
115.89511662598318
176.18872946859904
111.84812290268457
138.03262757871877
155.56422482533415
93.7324299533022
125.01066294816295
141.8763730591691
106.64171839528944
145.10854008218843
173.28453838517538
70.00189199432707
103.1301509009009
110.57077798861481
92.64941175928655
115.39448750613948
87.11567927470645
121.63654246794871
155.0846189691692
81.27667812178828
136.27533117932148
159.58715895103938
121.4172074926181
83.5997588841261
123.54232656604309
103.6545307913405
117.89466796875
122.9480493772242
109.17845778304202
132.71480534217878
59.26752960493888
75.05641652141435
79.16616245014956
75.51559993422741
72.6704825987476
127.44564473684211
144.68887266676086
190.24282232893157
114.57196667315681
141.74799741886054
150.91299965253648
151.62005450889077
120.57633669567511
122.8236574553577
132.93354227550478
119.03218895574534
164.27260016470618
101.68305196879822
169.30441188812256
117.14807542194093
156.68396641208835
146.74885547729758
127.65658867252931
125.2309436795995
93.13021955544353
131.12794644089374
79.2873534015025
96.70320553359684
105.79925849693899
103.47665166884816
118.61563131313132
119.18746209296545
122.87407121453033
154.29949615036233
144.656079923882
151.71385171418595
121.6598376428142
129.79556540753558
144.27279675310984
97.00622553718348
97.66998156932704
154.5528701925466
156.5092429168602
116.53689467005076
127.61023489352876
183.40546199342435
115.15896320812809
142.70776215605386
142.7297729331357
129.25913491189428
93.76191232227488
138.2489399108873
157.73150760549558
56.5432329369183
151.14234463167082
115.27333581349207
108.79703863900976
133.5390705052012
162.63252687707163
124.43125995710784
136.06456219059405
168.8262634408602
165.0142213167351
159.91654418082285
149.84918381230298
127.68725743756121
139.29908203218258
113.48763200963438
124.83129043702628
165.52677848101266
169.19573351397892
115.84781855489774
191.79896446199407
123.17905885416667
139.1038879202989
131.77605441968657
149.89274765625
114.97448480860515
124.60472237176977
154.00286632525084
101.69523090745733
122.44085868768329
155.63167491699062
113.81069167895772
154.08367511750362
132.3761899146451
127.5026461940043
148.83301451344278
131.10226213869169
151.3718656882366
159.2857041434354
118.05346203019613
142.87995117957593
148.87307556733236
126.35907386080677
166.41187437963922
181.21892001295336
151.0048189599927
160.95826670830732
102.90142879353233
137.44028487538102
128.71600966941946
131.01799262361646
101.48384515570935
125.82382700892857
146.35193342008242
160.27664639121127
131.2795899968162
129.8388243512974
121.69777253668764
171.83897346251052
146.5018358714044
158.45326106045255
125.15096515679443
156.70215766550524
102.72258799342106
115.25901182334238
96.71890588559339
145.86592754032418
191.98752379843089
164.82392374451152
133.37563340762222
87.13113857677902
168.4772943956786
70.87366751918158
178.05110194962515
188.83528842874668
127.51424369606256
125.45467428646934
134.05226876934984
102.22947134067357
106.03412192393736
165.9861447917262
132.14411465240642
126.5927990929555
78.43479487676696
102.39866365979381
132.21896911108195
158.19885338120886
119.08811066060126
156.70215766550524
154.72433704903455
132.70872346938776
82.80147156503037
167.25499431535488
156.72430430879712
148.04879692446858
134.9261544456262
95.56740950311494
159.75097896191647
176.52552472014926
99.93979087852038
124.47082929827175
165.15949339899413
154.10918761220825
115.54891783340048
141.93648300369532
131.31366486827355
93.53652683423913
101.17354675998949
129.2357698576217
119.40773050095117
125.12033500677535
172.67250377112688
150.3292146661712
142.634916942997
80.56270903449588
125.12701996050131
166.85996417360064
149.32573429826994
134.87191308104372
154.30278779498525
122.55241810895988
161.5950862583995
146.50893728222997
153.33712642600406
156.08267744348404
104.49144118806676
101.3695870124652
120.79931468362955
141.08566358384743
131.13692360446572
139.57328996135058
143.72905233160623
150.1811339044899
140.6447184065934
152.3249908531336
198.89494004619934
150.16136196627474
162.801362533885
185.417410518559
158.93179529577884
157.9242945894282
142.84156834442268
127.8457497474383
136.38315016502466
136.22107325234356
145.85613170615468
147.7085382105759
129.5122815907633
112.25410962474352
102.70711327505943
98.85412555417388
120.34196930851637
168.96820333333332
96.30891959810282
138.59912109375
122.77467735878294
156.78181922251437
155.00662526072705
122.41313053193342
162.67662105930336
146.47850063736874
102.39835435491968
113.38684379295954
104.55305484079692
121.94955359147026
166.39340508643616
133.43217745172603
165.41406349522293
80.1348526604837
119.73416217430368
102.84692402328137
129.36573361085445
91.99063098659003
114.73296397515529
135.9724959178913
151.12514289294796
133.72606944104697
182.67504794952683
133.34757788161994
110.10524279256654
158.4583953820698
99.57974556578255
135.09209204180064
128.37537545571757
105.99691599151235
134.18659596781308
141.5985080222749
154.46623911111112
120.9926706446655
83.1169895894464
154.62799859731686
144.75455307566685
100.03050030788178
107.2413449050949
123.2925
169.81674316738187
61.81645792563601
140.87713183421516
101.32158981481481
161.27577023613722
147.52519331742243
138.6326213355049
166.67387998575498
130.9336612676659
110.99007979502196
138.5886543367347
131.13762547051442
122.00949101796407
197.4443563179348
183.1594294715447
155.51656770376863
124.24003482680723
117.60142321590452
205.30655112193057
191.55134148848686
133.45064596036585
209.36581319060772
134.47566495348138
122.71890299877602
105.88171533539982
142.1899044385844
161.53076158536587
145.60965774551346
103.88687732365354
118.72557420767049
118.85983480732823
77.74212018659105
145.75638701028623
156.29386999920533
94.658136358055
120.18857238387265
120.76837355540448
153.28051812395137
173.88862167378065
136.32536469139004
62.994115552881574
97.8956817529453
87.22509733655207
92.45871684083602
117.90922267213813
82.09482350473363
133.88530880177515
125.05318419036375
155.769927090301
126.54227292294446
111.75161901728617
109.13975268927015
127.01385533146964
168.52713114485562
101.82927660010327
78.07661165693392
108.76792001338688
108.87047466274085
142.0561533002129
123.30263304566702
127.90178127137376
150.1282138821796
145.78935986654065
131.81028890959925
150.32247666211293
166.18177629233512
127.09783513045794
114.76357300311203
126.1698744534465
159.80770433333333
121.38545952418342
141.99794968350457
160.69483164983166
165.1492872983871
154.6399481710074
158.80778026427961
113.42543157762097
146.04684053308824
115.10474964488637
153.61179939516128
174.37029842342343
135.54581233198925
111.41869477650728
94.05190592051906
186.55548158074816
153.93595958769635
91.43386664015755
139.2461589276588
172.4673882387361
124.14565918472653
107.6250497219846
117.78965265334253
154.8493107096354
110.95218518107232
136.2841497244059
108.12205603115345
160.4517365661861
153.1069452165856
91.63978869895537
149.65174310277197
138.2329024196562
180.07934418511232
131.65995682024044
138.18825453272405
143.6203878431009
172.5465631890849
74.88730650154798
149.3052094840361
133.6282880764563
122.06514178535096
114.19061815336464
140.67149342438037
150.24046495392074
107.61506081586826
111.98963569023569
113.39115800865801
176.2850082939721
133.6328389585899
121.26344392604112
113.65005748422001
96.88233085902085
128.70194453781514
87.59844545533868
109.543143307204
153.55082439805483
120.05511412377452
122.29336203504145
138.53233082706768
111.96568900997899
97.46898676594793
103.27896815008727
122.54073100402904
87.32193934794087
133.07177542892157
133.45201116306637
114.50036894094448
142.19312389742944
99.09681363004172
133.94518105705072
118.88036331849968
138.56017903900744
170.55826742721163
117.86578988206084
105.45219448678861
103.90214345314506
111.18778283767038
164.3717469352014
120.58332106430433
115.14771654492833
111.65430356243706
127.52111316682084
127.91815976654556
109.83827813417057
138.39601368044922
126.37925251118118
146.68147624434388
131.10409672717728
155.70126148385302
165.57768973107474
138.2190229143415
104.60580061542159
151.45146240787983
136.94544391769867
165.36953669696214
147.50551122194514
105.14137013810597
129.78091282067405
128.82165661067097
144.1742133867277
173.97145446980505
148.406907
116.7747385300809
120.50869030898876
154.99820757515823
101.30797431781701
149.35709079204
140.49883554831106
112.0221099256069
144.7435702636337
128.49998360655738
166.04259325044404
143.10541900777048
115.56450582837302
108.78215472478503
150.34473711524697
116.92280147058824
158.58862619086727
157.67073419938694
136.8091014
117.70540929367114
129.49673211508554
129.49538663321167
155.2394879380974
153.95169408565602
169.41995503346348
161.28843670013006
148.22328081279147
162.7305330899895
150.06891843651522
143.05501710089152
175.30926455301454
85.73808510638298
148.76229340071345
150.3104264905149
125.28697217561522
142.79171021533614
139.20187211166652
159.51077831419624
159.48110317047818
130.69518388605442
166.9044155989273
105.35313064192577
123.69799007687048
172.74721194799372
91.99475
136.04324446680081
142.25762071756137
153.1626721233855
173.45484737572414
162.8470703125
150.26264214139132
98.09902043978748
115.25045893324608
148.39888101945004
132.21180894800483
120.41780995475114
142.19928638448707
137.25736953125
80.91117651423882
138.15433748126867
140.1625065997888
178.6925071022727
108.99190326797385
160.7777225609756
176.98098234846526
146.00955902399127
135.0022768612521
147.79664167219642
171.3404018292683
139.73042658147673
85.89199032648126
178.7654372601979
126.66506880427522
97.26400490852298
165.98894400296402
126.75399479139814
148.7202118836628
168.3865248677787
162.70833934746653
134.52929625496031
161.60469488428745
145.7679248237797
85.28033929108655
203.90775978915661
137.66551684307797
149.82205478944246
156.8269269055745
162.29017590408804
126.92968368902439
170.0532077752976
121.04629682997118
181.08307225091863
132.62384693449047
135.03901921802517
187.95491220495106
149.27775641025642
163.1364385644769
156.08823844178082
133.2143284574468
96.53040235271305
122.52938045375218
118.91751966568339
163.61224912240536
149.17229690117253
154.99592011847366
184.48258293838862
146.6089072951505
164.10575147014475
137.1413021388593
127.06912918173599
128.21858978638184
92.47761882930214
103.226836492891
121.18733544600714
162.86373016884596
129.79260285991637
165.55399666674882
140.49880988992683
150.69767571803345
133.491650390625
69.58296955318308
94.59010624514123
137.46694724110878
87.4754121555118
73.46508305040642
153.10131363185872
157.14638196624804
116.13425583538084
124.49481767661389
104.696956496023
68.80886478256733
28.913557245656673
89.33624697045569
133.8977598710717
169.05096805934926
60.630633050736066
90.19056076971476
62.69801955407906
115.74039494680851
160.93147139379184
93.39492981939537
113.09567477866533
165.13205319888735
134.05848839470954
134.25043880774544
137.77718528610353
186.77401837928153
150.64609207968903
76.25361505622578
131.19833288227335
141.02775055648303
159.2009129213483
176.14489978902952
124.09112775259068
80.37164854614412
164.80887204142013
127.84878781480344
161.23513513513512
172.98612098765432
140.38557772457213
145.3606688858144
120.30534120734909
165.79846823379924
201.14261397370652
174.2877775096525
174.23197095648604
133.59171103395062
151.32361303037254
172.91737384412153
110.16038740352879
146.76506685021462
145.87593442447582
108.9441327545069
114.88728125
159.26282408047567
171.7897923344017
160.84256002728512
123.24863963791816
138.80894433185148
161.66665140993265
133.28134514664805
102.99811907582938
143.4169321373851
75.67429067460317
106.43864836546521
156.73637219331874
159.70783495838288
86.30947117073826
91.7014882220128
92.71887607734422
71.46489583333333
172.5170533479349
154.23160729166668
86.90156538305756
113.94204801586116
163.5530608675373
113.71256951800848
62.224356524493246
180.72523933756807
93.89556030160087
97.45125802592005
101.26073105081826
163.62296265768347
97.87806679564984
111.63206977739726
160.12718722659667
78.49727733873793
72.2118
154.18772549888553
130.3724445426551
99.21336519094366
125.41610485715842
82.34268410143868
159.03046001651424
119.56095694531741
106.8248877118644
115.9124072672218
165.4683045571639
90.8475306353826
105.55855658877212
119.15459671253822
129.03178521617852
106.93426753139953
117.97928142351275
107.27263768564356
137.3363520680055
154.27713048368955
34.84636404494382
187.9561075665995
157.70961216517858
130.6499095659164
151.2413655705897
128.0632275568182
107.9140610687023
151.03110447761193
122.25404499540863
141.3694134032173
145.21386514522823
86.88153673386007
171.33307767584097
123.93357588131464
93.48694986900333
173.65246097167542
137.69874364459326
120.30033956562168
108.7954747735062
123.46319472446237
135.66408469945355
154.76659449165325
154.7986923076923
95.06908840557712
147.73601864801864
105.46892927631579
95.71801003130265
138.44396151026393
107.18876081424936
139.69894884965552
155.55212480395704
127.45959656084656
119.5496489578436
117.27891187248885
115.58577266315015
145.83231301219107
90.21977493523316
154.31713307207932
158.36829568442346
128.1867248894892
139.30855624603856
128.6737270644803
138.8678732142857
88.14113384427708
126.75889069471
106.3725274814207
151.4128232433655
163.49085023966072
134.44170261040142
154.56676818979483
132.56115863894627
165.7422172102348
132.55726283526144
115.27930263643069
149.77795144804088
106.81480480205279
153.38436945812808
109.00504967663323
108.89428490452258
143.43549550561798
150.76181226993864
102.78473707637835
105.05357311617944
72.18783893373613
145.53027826932427
107.66580047607422
123.60413110186231
141.70965194702148
92.1679389392882
140.42319794128588
132.99717913213067
146.26206043144208
150.1409957774986
121.28179097853088
143.1103162076271
116.9732070984777
163.25912466246623
113.71738893995098
109.0035129543001
151.97451056985295
149.1676090451847
107.6265571384804
120.36191425800801
118.14678802339901
81.86691459760274
136.4427113156101
153.72656101614436
135.6875292663892
151.3524230392157
115.58124000369095
153.48499098557693
129.0210341418635
142.78239371765636
130.11218300226736
112.38496972847358
88.0812468874502
83.54939111189111
90.63059448181365
125.90138405121664
105.02535650793651
124.54630258207935
137.3347862801322
115.90579764332654
161.88230596054888
149.06617695977798
142.50925038674032
120.75887812008648
132.1096041535557
138.02807732529527
124.82523880597014
150.31213082107843
132.76455567567567
133.93030808303888
116.00903033986513
165.68597789365452
104.3967266613924
129.29075639485936
155.10181780544653
116.6828359375
128.0084382022472
158.19100111368843
119.18297751650165
152.55937398407022
164.43783498435872
147.08931377194733
100.44552183815648
104.85786365537432
134.87532184164945
160.19139891451832
131.51076097972972
146.62647189757223
142.7537582480091
133.12129158180585
134.58495967079477
149.2424466963924
119.15831771401308
169.05904433815067
150.06717637717122
144.6305785265172
143.10153107216445
170.6121074586059
151.35471623512947
177.6366758841281
160.8090647216633
115.61821614583333
136.71306553672315
124.70249151219271
123.58033029740822
140.2805726066468
153.9661627538071
128.6982361218944
190.1331327897625
112.20613111413043
170.7590806090716
138.59751391409557
126.67051054313099
134.76577876022824
133.92106393713308
127.89062731236008
104.10846116407089
123.5486992538511
133.71754307283504
163.76510372112918
112.73284105066445
101.5612941576087
168.97099829180064
95.56176596664979
137.83261673601478
155.39798568852828
158.21508494733266
150.21453484848485
113.85168613428685
169.02716391509435
161.38430661051655
146.03690985812133
132.56420526960784
169.6371693548387
127.4053816898827
144.14106770833334
139.24625042108264
130.72294876801544
136.89852111204013
170.94737165912196
141.10461932804037
145.94128481012658
133.90257725900634
147.84704927884616
170.15512246434116
100.10586698256161
173.92215699489216
156.8185168792198
144.4370101686508
123.40652762624688
129.77053515625
111.3688869674339
88.64348005247578
148.03662170289752
119.2182599626401
129.26633346617075
139.46765625
112.62265074022622
128.31326617991706
155.2120009453458
132.0768462440505
164.63939211632322
123.13525256280873
178.62481708829364
159.95482947414658
113.1288930110549
162.19276271753682
128.0809533898305
143.08577487578452
119.17340884871201
138.0955960502693
156.9659136643947
172.38128982641177
131.25720164609052
161.48609520897043
133.70043979752717
102.99158889980353
117.03201510211615
129.83416592592593
171.48521924355776
112.06807622739018
173.0209892610698
64.96762387387388
142.31467380044907
149.15497842145507
119.71374229870406
137.6507387362245
148.55965110098708
146.48413094415488
123.73539659814926
122.62532148783185
93.1569313164305
140.3386481629393
117.61871543778801
138.51994504089978
153.19026613698423
181.93512242608236
114.03502661780973
132.43005193236715
135.13820345958243
121.55559919002076
130.5357425247293
162.6042114644901
183.64574729687982
80.17637408088235
102.29690708418892
140.30336435537583
147.5505481084612
130.78538134282178
135.0717030316235
105.0610929557008
132.69043333499334
143.5515476963011
98.92842081310138
87.94158791710115
122.55552416609939
102.85069960474308
96.39357413037273
137.52216688948306
118.07193327702703
35.55973973121333
60.830954413659796
174.35385159780066
81.09752943386773
133.49996691729322
66.23706262774539
136.9731725367811
163.89873582542194
155.4374132747456
202.4248355836237
159.67682693735154
106.14463977995759
130.0465438631523
182.8080742801047
103.43197771587744
149.54838479662698
135.9280392135309
